0	1000
0.1	990
0.2	980.1
0.3	970.299
0.4	960.596
0.5	950.99
0.6	941.48
0.7	932.065
0.8	922.745
0.9	913.517
1	904.382
1.1	895.338
1.2	886.385
1.3	877.521
1.4	868.746
1.5	860.058
1.6	851.458
1.7	842.943
1.8	834.514
1.9	826.169
2	817.907
2.1	809.728
2.2	801.631
2.3	793.614
2.4	785.678
2.5	777.821
2.6	770.043
2.7	762.343
2.8	754.719
2.9	747.172
3	739.7
3.1	732.303
3.2	724.98
3.3	717.731
3.4	710.553
3.5	703.448
3.6	696.413
3.7	689.449
3.8	682.555
3.9	675.729
4	668.972
4.1	662.282
4.2	655.659
4.3	649.103
4.4	642.612
4.5	636.185
4.6	629.824
4.7	623.525
4.8	617.29
4.9	611.117
5	605.006
5.1	598.956
5.2	592.966
5.3	587.037
5.4	581.166
5.5	575.355
5.6	569.601
5.7	563.905
5.8	558.266
5.9	552.683
6	547.157
6.1	541.685
6.2	536.268
6.3	530.906
6.4	525.596
6.5	520.341
6.6	515.137
6.7	509.986
6.8	504.886
6.9	499.837
7	494.839
7.1	489.89
7.2	484.991
7.3	480.141
7.4	475.34
7.5	470.587
7.6	465.881
7.7	461.222
7.8	456.61
7.9	452.044
8	447.523
8.1	443.048
8.2	438.618
8.3	434.231
8.4	429.889
8.5	425.59
8.6	421.334
8.7	417.121
8.8	412.95
8.9	408.82
9	404.732
9.1	400.685
9.2	396.678
9.3	392.711
9.4	388.784
9.5	384.896
9.6	381.047
9.7	377.237
9.8	373.464
9.9	369.73
10	366.032
10.1	362.372
10.2	358.748
10.3	355.161
10.4	351.609
10.5	348.093
10.6	344.612
10.7	341.166
10.8	337.754
10.9	334.377
11	331.033
11.1	327.723
11.2	324.446
11.3	321.201
11.4	317.989
11.5	314.809
11.6	311.661
11.7	308.544
11.8	305.459
11.9	302.404
12	299.38
12.1	296.387
12.2	293.423
12.3	290.488
12.4	287.584
12.5	284.708
12.6	281.861
12.7	279.042
12.8	276.252
12.9	273.489
13	270.754
13.1	268.047
13.2	265.366
13.3	262.713
13.4	260.085
13.5	257.485
13.6	254.91
13.7	252.361
13.8	249.837
13.9	247.339
14	244.865
14.1	242.417
14.2	239.992
14.3	237.593
14.4	235.217
14.5	232.864
14.6	230.536
14.7	228.23
14.8	225.948
14.9	223.689
15	221.452
15.1	219.237
15.2	217.045
15.3	214.874
15.4	212.726
15.5	210.598
15.6	208.492
15.7	206.408
15.8	204.343
15.9	202.3
16	200.277
16.1	198.274
16.2	196.292
16.3	194.329
16.4	192.385
16.5	190.461
16.6	188.557
16.7	186.671
16.8	184.805
16.9	182.957
17	181.127
17.1	179.316
17.2	177.523
17.3	175.747
17.4	173.99
17.5	172.25
17.6	170.527
17.7	168.822
17.8	167.134
17.9	165.463
18	163.808
18.1	162.17
18.2	160.548
18.3	158.943
18.4	157.353
18.5	155.78
18.6	154.222
18.7	152.68
18.8	151.153
18.9	149.641
19	148.145
19.1	146.664
19.2	145.197
19.3	143.745
19.4	142.307
19.5	140.884
19.6	139.476
19.7	138.081
19.8	136.7
19.9	135.333
20	133.98
20.1	132.64
20.2	131.313
20.3	130
20.4	128.7
20.5	127.413
20.6	126.139
20.7	124.878
20.8	123.629
20.9	122.393
21	121.169
21.1	119.957
21.2	118.758
21.3	117.57
21.4	116.394
21.5	115.23
21.6	114.078
21.7	112.937
21.8	111.808
21.9	110.69
22	109.583
22.1	108.487
22.2	107.402
22.3	106.328
22.4	105.265
22.5	104.212
22.6	103.17
22.7	102.138
22.8	101.117
22.9	100.106
23	99.1048
23.1	98.1138
23.2	97.1326
23.3	96.1613
23.4	95.1997
23.5	94.2477
23.6	93.3052
23.7	92.3722
23.8	91.4484
23.9	90.534
24	89.6286
24.1	88.7323
24.2	87.845
24.3	86.9666
24.4	86.0969
24.5	85.2359
24.6	84.3836
24.7	83.5397
24.8	82.7043
24.9	81.8773
25	81.0585
25.1	80.2479
25.2	79.4455
25.3	78.651
25.4	77.8645
25.5	77.0858
25.6	76.315
25.7	75.5518
25.8	74.7963
25.9	74.0484
26	73.3079
26.1	72.5748
26.2	71.849
26.3	71.1306
26.4	70.4192
26.5	69.7151
26.6	69.0179
26.7	68.3277
26.8	67.6444
26.9	66.968
27	66.2983
27.1	65.6353
27.2	64.979
27.3	64.3292
27.4	63.6859
27.5	63.049
27.6	62.4186
27.7	61.7944
27.8	61.1764
27.9	60.5647
28	59.959
28.1	59.3594
28.2	58.7658
28.3	58.1782
28.4	57.5964
28.5	57.0204
28.6	56.4502
28.7	55.8857
28.8	55.3269
28.9	54.7736
29	54.2259
29.1	53.6836
29.2	53.1468
29.3	52.6153
29.4	52.0891
29.5	51.5683
29.6	51.0526
29.7	50.542
29.8	50.0366
29.9	49.5363
30	49.0409
30.1	48.5505
30.2	48.065
30.3	47.5843
30.4	47.1085
30.5	46.6374
30.6	46.171
30.7	45.7093
30.8	45.2522
30.9	44.7997
31	44.3517
31.1	43.9082
31.2	43.4691
31.3	43.0344
31.4	42.6041
31.5	42.178
31.6	41.7563
31.7	41.3387
31.8	40.9253
31.9	40.516
32	40.1109
32.1	39.7098
32.2	39.3127
32.3	38.9196
32.4	38.5304
32.5	38.1451
32.6	37.7636
32.7	37.386
32.8	37.0121
32.9	36.642
33	36.2756
33.1	35.9128
33.2	35.5537
33.3	35.1981
33.4	34.8462
33.5	34.4977
33.6	34.1527
33.7	33.8112
33.8	33.4731
33.9	33.1384
34	32.807
34.1	32.4789
34.2	32.1541
34.3	31.8326
34.4	31.5142
34.5	31.1991
34.6	30.8871
34.7	30.5782
34.8	30.2725
34.9	29.9697
35	29.67
35.1	29.3733
35.2	29.0796
35.3	28.7888
35.4	28.5009
35.5	28.2159
35.6	27.9338
35.7	27.6544
35.8	27.3779
35.9	27.1041
36	26.8331
36.1	26.5647
36.2	26.2991
36.3	26.0361
36.4	25.7757
36.5	25.518
36.6	25.2628
36.7	25.0102
36.8	24.7601
36.9	24.5125
37	24.2673
37.1	24.0247
37.2	23.7844
37.3	23.5466
37.4	23.3111
37.5	23.078
37.6	22.8472
37.7	22.6187
37.8	22.3926
37.9	22.1686
38	21.9469
38.1	21.7275
38.2	21.5102
38.3	21.2951
38.4	21.0821
38.5	20.8713
38.6	20.6626
38.7	20.456
38.8	20.2514
38.9	20.0489
39	19.8484
39.1	19.6499
39.2	19.4534
39.3	19.2589
39.4	19.0663
39.5	18.8756
39.6	18.6869
39.7	18.5
39.8	18.315
39.9	18.1319
40	17.9506
40.1	17.771
40.2	17.5933
40.3	17.4174
40.4	17.2432
40.5	17.0708
40.6	16.9001
40.7	16.7311
40.8	16.5638
40.9	16.3981
41	16.2342
41.1	16.0718
41.2	15.9111
41.3	15.752
41.4	15.5945
41.5	15.4385
41.6	15.2841
41.7	15.1313
41.8	14.98
41.9	14.8302
42	14.6819
42.1	14.5351
42.2	14.3897
42.3	14.2458
42.4	14.1034
42.5	13.9623
42.6	13.8227
42.7	13.6845
42.8	13.5476
42.9	13.4122
43	13.278
43.1	13.1453
43.2	13.0138
43.3	12.8837
43.4	12.7548
43.5	12.6273
43.6	12.501
43.7	12.376
43.8	12.2522
43.9	12.1297
44	12.0084
44.1	11.8883
44.2	11.7694
44.3	11.6518
44.4	11.5352
44.5	11.4199
44.6	11.3057
44.7	11.1926
44.8	11.0807
44.9	10.9699
45	10.8602
45.1	10.7516
45.2	10.6441
45.3	10.5376
45.4	10.4323
45.5	10.3279
45.6	10.2247
45.7	10.1224
45.8	10.0212
45.9	9.92097
46	9.82176
46.1	9.72355
46.2	9.62631
46.3	9.53005
46.4	9.43475
46.5	9.3404
46.6	9.247
46.7	9.15453
46.8	9.06298
46.9	8.97235
47	8.88263
47.1	8.7938
47.2	8.70586
47.3	8.6188
47.4	8.53262
47.5	8.44729
47.6	8.36282
47.7	8.27919
47.8	8.1964
47.9	8.11443
48	8.03329
48.1	7.95296
48.2	7.87343
48.3	7.79469
48.4	7.71675
48.5	7.63958
48.6	7.56318
48.7	7.48755
48.8	7.41268
48.9	7.33855
49	7.26516
49.1	7.19251
49.2	7.12059
49.3	7.04938
49.4	6.97889
49.5	6.9091
49.6	6.84001
49.7	6.77161
49.8	6.70389
49.9	6.63685
50	6.57048
50.1	6.50478
50.2	6.43973
50.3	6.37533
50.4	6.31158
50.5	6.24846
50.6	6.18598
50.7	6.12412
50.8	6.06288
50.9	6.00225
51	5.94223
51.1	5.8828
51.2	5.82398
51.3	5.76574
51.4	5.70808
51.5	5.651
51.6	5.59449
51.7	5.53854
51.8	5.48316
51.9	5.42833
52	5.37404
52.1	5.3203
52.2	5.2671
52.3	5.21443
52.4	5.16228
52.5	5.11066
52.6	5.05956
52.7	5.00896
52.8	4.95887
52.9	4.90928
53	4.86019
53.1	4.81159
53.2	4.76347
53.3	4.71584
53.4	4.66868
53.5	4.62199
53.6	4.57577
53.7	4.53001
53.8	4.48471
53.9	4.43987
54	4.39547
54.1	4.35151
54.2	4.308
54.3	4.26492
54.4	4.22227
54.5	4.18005
54.6	4.13825
54.7	4.09686
54.8	4.05589
54.9	4.01534
55	3.97518
55.1	3.93543
55.2	3.89608
55.3	3.85712
55.4	3.81854
55.5	3.78036
55.6	3.74256
55.7	3.70513
55.8	3.66808
55.9	3.6314
56	3.59508
56.1	3.55913
56.2	3.52354
56.3	3.48831
56.4	3.45342
56.5	3.41889
56.6	3.3847
56.7	3.35085
56.8	3.31734
56.9	3.28417
57	3.25133
57.1	3.21882
57.2	3.18663
57.3	3.15476
57.4	3.12321
57.5	3.09198
57.6	3.06106
57.7	3.03045
57.8	3.00015
57.9	2.97015
58	2.94044
58.1	2.91104
58.2	2.88193
58.3	2.85311
58.4	2.82458
58.5	2.79633
58.6	2.76837
58.7	2.74069
58.8	2.71328
58.9	2.68615
59	2.65928
59.1	2.63269
59.2	2.60636
59.3	2.5803
59.4	2.5545
59.5	2.52895
59.6	2.50366
59.7	2.47863
59.8	2.45384
59.9	2.4293
60	2.40501
60.1	2.38096
60.2	2.35715
60.3	2.33358
60.4	2.31024
60.5	2.28714
60.6	2.26427
60.7	2.24163
60.8	2.21921
60.9	2.19702
61	2.17505
61.1	2.1533
61.2	2.13176
61.3	2.11045
61.4	2.08934
61.5	2.06845
61.6	2.04776
61.7	2.02729
61.8	2.00701
61.9	1.98694
62	1.96707
62.1	1.9474
62.2	1.92793
62.3	1.90865
62.4	1.88956
62.5	1.87067
62.6	1.85196
62.7	1.83344
62.8	1.81511
62.9	1.79696
63	1.77899
63.1	1.7612
63.2	1.74358
63.3	1.72615
63.4	1.70889
63.5	1.6918
63.6	1.67488
63.7	1.65813
63.8	1.64155
63.9	1.62513
64	1.60888
64.1	1.59279
64.2	1.57687
64.3	1.5611
64.4	1.54549
64.5	1.53003
64.6	1.51473
64.7	1.49958
64.8	1.48459
64.9	1.46974
65	1.45505
65.1	1.44049
65.2	1.42609
65.3	1.41183
65.4	1.39771
65.5	1.38373
65.6	1.3699
65.7	1.3562
65.8	1.34264
65.9	1.32921
66	1.31592
66.1	1.30276
66.2	1.28973
66.3	1.27683
66.4	1.26406
66.5	1.25142
66.6	1.23891
66.7	1.22652
66.8	1.21426
66.9	1.20211
67	1.19009
67.1	1.17819
67.2	1.16641
67.3	1.15474
67.4	1.1432
67.5	1.13177
67.6	1.12045
67.7	1.10924
67.8	1.09815
67.9	1.08717
68	1.0763
68.1	1.06553
68.2	1.05488
68.3	1.04433
68.4	1.03389
68.5	1.02355
68.6	1.01331
68.7	1.00318
68.8	0.993148
68.9	0.983216
69	0.973384
69.1	0.96365
69.2	0.954014
69.3	0.944474
69.4	0.935029
69.5	0.925679
69.6	0.916422
69.7	0.907258
69.8	0.898185
69.9	0.889203
70	0.880311
70.1	0.871508
70.2	0.862793
70.3	0.854165
70.4	0.845623
70.5	0.837167
70.6	0.828796
70.7	0.820508
70.8	0.812302
70.9	0.804179
71	0.796138
71.1	0.788176
71.2	0.780295
71.3	0.772492
71.4	0.764767
71.5	0.757119
71.6	0.749548
71.7	0.742052
71.8	0.734632
71.9	0.727285
72	0.720013
72.1	0.712812
72.2	0.705684
72.3	0.698628
72.4	0.691641
72.5	0.684725
72.6	0.677878
72.7	0.671099
72.8	0.664388
72.9	0.657744
73	0.651167
73.1	0.644655
73.2	0.638208
73.3	0.631826
73.4	0.625508
73.5	0.619253
73.6	0.61306
73.7	0.60693
73.8	0.60086
73.9	0.594852
74	0.588903
74.1	0.583014
74.2	0.577184
74.3	0.571412
74.4	0.565698
74.5	0.560041
74.6	0.554441
74.7	0.548896
74.8	0.543407
74.9	0.537973
75	0.532594
75.1	0.527268
75.2	0.521995
75.3	0.516775
75.4	0.511607
75.5	0.506491
75.6	0.501426
75.7	0.496412
75.8	0.491448
75.9	0.486533
76	0.481668
76.1	0.476851
76.2	0.472083
76.3	0.467362
76.4	0.462688
76.5	0.458062
76.6	0.453481
76.7	0.448946
76.8	0.444457
76.9	0.440012
77	0.435612
77.1	0.431256
77.2	0.426943
77.3	0.422674
77.4	0.418447
77.5	0.414263
77.6	0.41012
77.7	0.406019
77.8	0.401959
77.9	0.397939
78	0.39396
78.1	0.39002
78.2	0.38612
78.3	0.382259
78.4	0.378436
78.5	0.374652
78.6	0.370905
78.7	0.367196
78.8	0.363524
78.9	0.359889
79	0.35629
79.1	0.352727
79.2	0.3492
79.3	0.345708
79.4	0.342251
79.5	0.338828
79.6	0.33544
79.7	0.332086
79.8	0.328765
79.9	0.325477
80	0.322222
80.1	0.319
80.2	0.31581
80.3	0.312652
80.4	0.309526
80.5	0.30643
80.6	0.303366
80.7	0.300332
80.8	0.297329
80.9	0.294356
81	0.291412
81.1	0.288498
81.2	0.285613
81.3	0.282757
81.4	0.279929
81.5	0.27713
81.6	0.274359
81.7	0.271615
81.8	0.268899
81.9	0.26621
82	0.263548
82.1	0.260912
82.2	0.258303
82.3	0.25572
82.4	0.253163
82.5	0.250631
82.6	0.248125
82.7	0.245644
82.8	0.243187
82.9	0.240756
83	0.238348
83.1	0.235965
83.2	0.233605
83.3	0.231269
83.4	0.228956
83.5	0.226667
83.6	0.2244
83.7	0.222156
83.8	0.219934
83.9	0.217735
84	0.215558
84.1	0.213402
84.2	0.211268
84.3	0.209155
84.4	0.207064
84.5	0.204993
84.6	0.202943
84.7	0.200914
84.8	0.198905
84.9	0.196916
85	0.194946
85.1	0.192997
85.2	0.191067
85.3	0.189156
85.4	0.187265
85.5	0.185392
85.6	0.183538
85.7	0.181703
85.8	0.179886
85.9	0.178087
86	0.176306
86.1	0.174543
86.2	0.172798
86.3	0.17107
86.4	0.169359
86.5	0.167665
86.6	0.165989
86.7	0.164329
86.8	0.162686
86.9	0.161059
87	0.159448
87.1	0.157854
87.2	0.156275
87.3	0.154712
87.4	0.153165
87.5	0.151634
87.6	0.150117
87.7	0.148616
87.8	0.14713
87.9	0.145659
88	0.144202
88.1	0.14276
88.2	0.141332
88.3	0.139919
88.4	0.13852
88.5	0.137135
88.6	0.135763
88.7	0.134406
88.8	0.133062
88.9	0.131731
89	0.130414
89.1	0.12911
89.2	0.127818
89.3	0.12654
89.4	0.125275
89.5	0.124022
89.6	0.122782
89.7	0.121554
89.8	0.120339
89.9	0.119135
90	0.117944
90.1	0.116764
90.2	0.115597
90.3	0.114441
90.4	0.113296
90.5	0.112163
90.6	0.111042
90.7	0.109931
90.8	0.108832
90.9	0.107744
91	0.106666
91.1	0.1056
91.2	0.104544
91.3	0.103498
91.4	0.102463
91.5	0.101439
91.6	0.100424
91.7	0.0994199
91.8	0.0984257
91.9	0.0974415
92	0.0964671
92.1	0.0955024
92.2	0.0945474
92.3	0.0936019
92.4	0.0926659
92.5	0.0917392
92.6	0.0908218
92.7	0.0899136
92.8	0.0890145
92.9	0.0881243
93	0.0872431
93.1	0.0863706
93.2	0.0855069
93.3	0.0846519
93.4	0.0838054
93.5	0.0829673
93.6	0.0821376
93.7	0.0813162
93.8	0.0805031
93.9	0.0796981
94	0.0789011
94.1	0.0781121
94.2	0.0773309
94.3	0.0765576
94.4	0.0757921
94.5	0.0750341
94.6	0.0742838
94.7	0.073541
94.8	0.0728055
94.9	0.0720775
95	0.0713567
95.1	0.0706432
95.2	0.0699367
95.3	0.0692374
95.4	0.068545
95.5	0.0678595
95.6	0.0671809
95.7	0.0665091
95.8	0.065844
95.9	0.0651856
96	0.0645337
96.1	0.0638884
96.2	0.0632495
96.3	0.062617
96.4	0.0619909
96.5	0.0613709
96.6	0.0607572
96.7	0.0601497
96.8	0.0595482
96.9	0.0589527
97	0.0583632
97.1	0.0577795
97.2	0.0572017
97.3	0.0566297
97.4	0.0560634
97.5	0.0555028
97.6	0.0549478
97.7	0.0543983
97.8	0.0538543
97.9	0.0533157
98	0.0527826
98.1	0.0522548
98.2	0.0517322
98.3	0.0512149
98.4	0.0507027
98.5	0.0501957
98.6	0.0496938
98.7	0.0491968
98.8	0.0487049
98.9	0.0482178
99	0.0477356
99.1	0.0472583
99.2	0.0467857
99.3	0.0463178
99.4	0.0458547
99.5	0.0453961
99.6	0.0449421
99.7	0.0444927
99.8	0.0440478
99.9	0.0436073
100	0.0431712
100.1	0.0427395
